100212315,112143492,142724453,173522044,267327256,300371407,328552066,664289348,751278022,782206730,815171197,844881029,874973754,906105076,935730776,999758121
100550399,112312386,173636817,205036405,237909035,267383830,300443356,692140790,751392174,782219284,815275131,844903016,875203485,906165388,935760534,999582521
100591807,112423075,142760980,173670220,237961680,300532453,328962429,692153247,751429138,782244714,815514172,844914716,875255531,906171801,936026017,999316369
100727377,112490773,142859586,205212809,238040452,267396994,300644035,721032066,751436771,782332463,815548397,844920196,875289961,906188232,936104471,999259518
100733807,112527559,142930038,173834797,205502997,300666950,387511492,664458770,751558714,782390988,815549176,844932010,875406474,906253280,936126202,999213825
101028480,112601772,142965710,173846134,205513464,238138940,449260202,664478041,751571949,782490591,815568074,845183369,875444648,906423230,936206735,998926288
101103800,112697363,142970702,173956077,205523825,300729650,329151103,721311999,751669396,782680949,815608111,845217694,875531165,906620302,936298671,998905857
101354340,112765746,143236992,174092103,205573762,238363168,418279890,692806896,751770273,782782213,815638068,845516509,875824421,906827029,936421560,998700786
101394948,112795742,143258385,174094214,206007810,238651744,387735007,721618425,751913510,782783164,815749964,845711936,875836392,906896753,936484728,998559727
102027118,113951957,144403243,239554427,269455856,302001021,359538359,546847536,752942312,783936660,816658901,847447042,876885500,908319530,937908506,997525458
102046750,113953319,144450570,207293548,239597057,302120405,330771931,636916426,752981717,784029008,816727414,847481887,876929398,908365560,937987568,997512070
102069878,113953474,144486242,207357012,269641990,302201821,330818374,606865117,753105021,784070986,816777610,847584229,877065480,908463773,938010125,997504656
102139334,114049600,175165462,207438982,239666160,269682442,302411515,665369473,753130245,784156206,816842059,847662723,877610796,908534889,938028747,997418298
102377681,114122455,144548114,175166314,239726641,302422705,359948054,636961864,753226999,784189867,816920920,847681408,877868731,908551582,938042308,997389227
102515134,114208415,144715282,207559372,239779706,269806336,302452728,694075872,753328630,784258481,816971726,847727716,878122757,908635617,938080177,997270053
102759426,114315645,144783913,175478712,207611922,302569651,389763567,637123951,753345176,784313005,817072527,847767065,878129845,908691632,938109126,997231142
102839547,114325666,144806271,175567798,240030383,269972929,390145634,637141101,753419876,784380437,817091761,847772278,878256331,908818617,938146818,997200055
102868973,114383456,144809115,175587513,240055448,270004156,331368317,694774701,753633787,784577027,817146586,847781510,878423929,908948207,938294282,997067744
102899738,114642175,144854205,175789813,207896425,270092986,483023369,574286964,753683784,784601409,817234127,847986272,878487659,908951625,938390264,996781755
102939227,114783924,144854927,175807742,207903972,240272521,421129198,665562709,753795323,784640821,817263122,848027059,878500652,909023587,938536246,996418650
103060955,114913144,144943505,175866349,207943178,240302921,390849667,694954606,753899895,784833512,817384546,848212338,878589645,909040220,938546728,996407063
103101505,114932812,145089271,175930207,207987820,270134328,331961534,722947183,753940862,785105186,817594285,848217162,878597296,909046484,938662109,996384522
103222950,115010273,145127706,176169725,208170348,240426677,360487397,722967007,754090879,785219757,817621962,848234152,878733694,909073439,938830962,996305685
104058418,115974699,177205240,241252039,271675088,304415068,333010929,517436372,754938993,786169247,818816063,848759794,879455953,910234111,940391272,995283238
104152170,115976394,177269642,209292273,271787565,304460544,333013189,548566172,754962137,786219314,818903553,848809624,879612405,910521592,940614381,995247089
104295295,116044034,145892948,209641560,241549858,304637155,333066209,609301701,755017206,786372502,818981475,848900405,879693793,910573300,940636712,995209208
104357254,116103168,145903183,177362833,271865390,304646130,333102555,609448046,755194244,786470836,819118596,848978142,879781016,910920228,940639829,995188574
104412846,116187274,145975282,209891949,241786332,271882648,304653320,667275362,755198386,786566481,819235369,849033006,879966288,911137190,940779849,995179899
104779542,116327162,146116559,177715474,209978538,304806125,392434199,609524499,755299837,786672669,819423249,849034808,880113936,911525062,940942809,995093079
104794842,116366864,146174543,177938742,210171832,304839464,333321946,667464466,755336436,786681385,819473545,849060804,880140095,911556232,941053220,994973549
104805011,116424162,146280653,177993090,241894953,272092538,304850481,696539232,755391049,786689432,819628564,849065798,880177240,911609211,941167575,994832504
104999641,116445814,146374302,178038479,210348971,272385630,392758218,638751877,755406036,786736250,819768233,849112295,880211482,911742768,941304477,994825082
105164758,116522017,146452354,178183220,210399609,242279562,485120275,576404038,755489456,786752026,819829410,849180401,880246412,911769842,941508694,994633823
105185044,116865782,146609788,178207997,210401473,272466816,305442834,724508356,755492290,786957542,819965605,849195934,880521831,911788402,941638487,994567649
105195599,117088188,146719548,178267346,210488664,242330554,333638980,724653773,755530022,787277375,819987440,849265236,880531037,911827384,941709533,994468385
106639696,148157912,211973426,243716839,273725635,306646007,335124402,426469156,756320332,788020308,821154572,850610405,881434256,913331897,942779469,993498677
106721043,118050947,179478071,212053641,243790830,306662938,335195587,550367025,756348789,788107536,821232267,850656663,881519312,913362518,942847858,993389058
106887108,118141225,148370181,212166313,273824921,306664952,335282209,550507393,756356851,788314275,821244429,850809546,881583351,913375812,942995838,993316094
106933556,148376201,179584081,212230485,243850611,273846428,335565287,550822738,756369324,788402073,821246675,850879342,881732457,913385336,943000755,993251810
107006641,118407885,148540108,212239195,243928227,273883844,335592728,611337681,756525710,788442181,821340586,851039437,881943328,913405203,943010175,993235495
107052405,118492470,179717726,212429818,243959267,274060220,335596578,578471646,756709868,788466979,821488248,851104303,881947097,913590969,943175623,993016831
107086658,118504303,148825512,179729519,212444102,307125895,335921982,640447441,756742538,788531750,821526618,851132485,882066436,913600547,943284700,992956279
107379405,119147798,148855912,179734975,244013011,274299814,307225986,669015625,756754877,788728869,821683579,851242105,882097324,913608482,943343981,992801818
107425894,119262357,148894318,180024369,212595331,274350771,307479642,698360080,756808572,788788656,821712968,851258962,882231382,913924779,943451381,992562269
107448569,119265926,148914018,180101488,212630078,274353791,336194893,669254110,756990920,788789586,821830206,851366191,882343011,914021768,943553037,992413055
107624085,119344013,148979849,180167706,212631375,244349315,307557106,726790963,757011632,789102009,821832326,851529709,882366241,914064026,943602902,992289791
107671889,119352032,148980345,180245957,212646071,244629191,363797003,669633888,757120678,789143782,821952266,851532611,882375404,914373966,943624135,992038704
107696095,119652761,149070561,180267848,213223298,244716510,363878415,698775886,726951952,789220169,822058706,851584892,882376535,914427400,943720146,991846650
107714304,119682336,149170014,180306563,274753616,363951405,395103059,456367855,757241532,789246752,822117375,851719861,882404206,914737990,943872880,991405500
108282946,121039947,214266079,246036079,275896808,309196706,337315790,428503618,758494599,790232048,823258519,852915847,883258043,915311535,944595592,990616831
108313644,121116597,181433177,214407169,246103908,309310575,337573574,521987040,758600932,790411700,823394200,852993719,883563377,915361321,944658457,990466483
108349152,121221059,150219465,214428731,246143234,309366939,337794712,552501541,758618793,790422069,823419774,853027369,883594613,915369855,944950482,990462445
108364933,121237385,181532273,214544468,246469634,276484852,309434998,581391030,758845561,790429587,823449491,853071253,883627823,915401785,944957172,990395086
108381031,121351261,150550613,181543168,276486318,309499656,337953740,552681902,758886871,790526937,823667403,853074595,883880641,915589041,945011847,990386800
108422457,121505925,150654594,181714329,246556918,276623878,309582619,642493024,759008642,790672841,823782691,853204987,884049730,915619665,945083622,990385763
108494808,121578130,150672162,181803102,246562506,276630768,338173022,613605056,759053746,790928661,824040254,853216172,884298561,915631463,945245787,990025227
108589686,121792043,150725135,181972595,215146468,276782383,429094208,552751112,759097638,790956674,824119455,853286867,884306273,915682494,945279248,989971265
108619677,121805783,150779367,182038989,215188949,246752320,309828921,700682982,759256049,791022346,824646494,853423714,884307895,915781622,945394320,989875676
108735863,121896278,150787533,182111677,215220613,247147344,338310036,671089614,759257057,791286890,824655498,853634854,884328770,915835212,945417869,989766091
108872861,121904274,150898596,182264962,277099477,338359948,365922676,489715114,759348959,791460102,824670957,853709958,884339802,915909030,945477793,989749411
108875019,122067343,150969138,182271159,215932220,247669172,277106204,728986737,759374716,791559878,825026304,853792034,884421582,915918776,945489992,989695996
109062442,122080561,150976199,182369546,216008994,365962114,397183133,489823315,759375893,791604810,825068868,853945606,884430288,916039302,945542049,989543958
109113078,122141397,151231165,182433645,277252198,366129877,397201469,458305678,729282847,791606552,825162839,854115122,884434539,916109389,945552597,989473732
110042267,123754955,183563399,217332208,248927766,278402121,311566778,554274759,760217231,792824481,826162726,854909608,885122334,917245037,946472466,988616859
110503083,123795563,152004717,217493500,249030105,311569358,339438088,523922184,760277641,793106780,826385665,854960466,885146329,917264427,946475259,988611479
110628634,123849864,152024175,217640913,249089939,278487895,311597296,583290916,760402696,793177338,826552816,855099345,885310023,917299073,946491142,988364559
110658438,123959885,152073939,217676572,249332350,278658352,339567691,554344737,760425164,793192176,826657356,855133711,885320570,917392435,946519565,988297507
110713534,124032178,152120185,183951597,249595857,278959372,311663400,615419835,760451713,793195175,826725019,855151049,885396682,917511515,946595168,988107910
110802155,124068260,152174217,184044777,279075943,311801738,339726878,523995416,760570762,793446774,826784609,855159262,885406842,917613097,946615965,988029336
110819648,124097992,152282248,184386223,217861228,311825795,339752059,584125880,760763341,793547282,826785439,855213153,885758712,917614717,946630435,987993454
110862628,124115074,152429001,184541409,217867289,249669645,311869025,673218214,761233726,793738548,826876133,855213977,885866968,917650255,946695993,987612386
110870375,124118695,152512496,184550241,249728850,279333472,367729428,554942522,761273490,793997967,827116064,855269447,885924049,917823158,946717678,987611432
110977222,124198244,152579209,184626823,218015674,249925439,398883163,584250940,761334713,794070441,827349084,855357294,885966090,917844611,946744325,987557637
111053786,124465165,152630224,184660478,218072912,249937469,279374641,702557412,761360181,794254475,827361309,855384715,886044746,917982787,946813881,987546519
111127609,124505955,152670407,184688577,218136424,279433296,367932630,584351220,761409876,794270011,827384916,855450134,886093336,918087699,946832404,987531810
111180940,124528489,152712874,184698231,250194930,367962967,399271481,431814422,761620434,794306151,827412082,855501282,886120384,918171390,946934750,987436429
111221660,124752260,152729290,184909250,218229429,367984681,399323362,492442647,731685521,794349279,827510593,855594698,886206949,918177342,946997105,987422742
111367255,124795257,153156872,184911649,218323858,367995077,399434191,460479680,761747325,794429550,827523711,855723910,886295321,918603122,947015417,987101379
112030969,125355343,153878005,251024999,281253280,313346054,340781453,525885415,674710638,795378725,828202561,856551568,887695403,919576446,947753404,985605358
112104049,125535438,186237913,219586194,251118485,281297213,313429675,525917779,762736391,795414320,828573846,856799525,887719731,919619046,947905353,985568433
112866975,143650692,174185417,238870742,268832470,301252964,329667263,514520855,752160364,783122593,816004871,846285496,876126961,907145132,936585651,998327829
112964836,143709445,174242496,206303252,239092941,268888179,301328242,636128983,752286248,783175176,816028322,846362261,876218276,907346589,936844486,998291172
113006220,143841263,174342398,206316661,239128276,268902374,329957718,606241698,752307135,783292884,816085634,846532404,876492293,907719650,937418275,998093207
113074113,143846891,174423813,206357349,239225228,301549840,330056206,572784951,752400991,783409882,816360746,846624308,876524240,907757465,937542203,998044791
113194651,143989191,174539809,206476637,239231469,268979324,419330203,514688621,752671444,783512732,816366091,846776865,876670017,907767603,937637961,998007503
113217375,144115356,174571834,206739280,269028373,301764598,388801195,481907527,752674000,783539284,816375947,846844530,876687023,907828729,937645734,997974990
113296421,144174899,174666048,206797994,239446366,269041659,450041908,481915270,752824233,783548678,816400473,847152973,876700650,907829094,937669135,997886541
113494345,144233820,174709075,206858335,239505696,330525685,419779112,450227828,752885170,783632558,816437381,847242010,876763849,907830355,937676210,997667780
113526911,144385410,174971126,206890582,239545081,359500980,389280721,450309684,752931150,783684729,816652723,847330064,876824418,908261444,937873419,997661431
115158382,145185144,176307851,208213847,240427208,303434966,332463559,608304223,695250530,785305238,817651173,848424084,878762199,909115354,939048015,996244382
115357885,145206192,176464140,208298299,240754768,303728590,332604855,547770605,754308031,785356434,817709234,848471940,878818363,909321642,939269289,996009972
115451655,145393669,176550243,208802932,240782021,270911429,303821958,608398056,754344699,785441397,817729496,848503157,878874824,909380824,939270285,995896545
115551182,145402365,176629820,208916274,240812786,304069484,360726157,516853289,754365700,785589826,817837936,848520895,878920724,909487591,939597885,995857147
115753791,145497844,176653540,240914604,271102236,304229545,391945538,422634025,754476041,785686195,817863304,848571487,878942552,909493341,939696670,995676734
115771628,145545120,176666548,209027091,240971198,271136381,360752264,548250366,754526132,785829312,818066041,848667261,878991902,910052939,940014808,995547433
115773718,145591106,176744163,209117317,240983670,271303178,332815138,575339057,754679814,785903066,818093481,848691926,879195200,910084025,940128547,995420803
115956309,145671859,176987580,209161055,241213176,332967639,360867640,483992030,754686889,785949650,818445846,848750610,879289566,910143451,940150644,995413911
117135653,147151662,178270658,242380157,272538652,305478388,333685419,549603402,667636234,787455499,820143621,849269762,880537782,911959667,941710627,994466571
117211029,147246232,178273650,242709242,272556575,305703708,333834354,518285062,697329759,787533884,820203136,849554118,880575573,911974551,941872385,994347352
117320742,147353862,178278308,210715355,242715645,305706805,393246805,549717682,667810698,787600970,820437827,849566739,880684070,912298491,941876773,994192244
117349815,147544545,178522201,211288774,242728678,305882084,334288980,518807483,755828777,787632073,820459625,849711578,880833226,912300245,942041286,994127300
117415223,147626777,178598660,211387649,242925517,273173753,334430010,550060260,755990598,787660094,820473950,849854544,881103514,912603459,942342949,994016223
117460758,147769969,178641890,211480558,243102844,273258806,306393190,576976854,756086934,787688534,820807390,849898611,881164460,912610490,942359416,994002650
117612909,147826782,178749539,211561131,243397695,273500205,362796884,519169323,756196003,787695691,820818419,849901388,881232848,912814752,942378840,993888987
117650846,147967922,178863347,211780338,243569817,273522778,425898107,454961179,756196315,787728840,820922869,850016545,881297017,912836340,942472573,993697888
117723067,148013025,179215613,211840872,243606145,273583017,393696286,486384539,756243245,787816122,821012375,850194640,881381778,912868441,942540867,993659232
117801858,148069792,179246668,211903596,273678013,335048003,363032167,455194387,725942136,787955584,821154381,850423535,881431955,912916739,942618670,993525027
119929327,149206995,180328815,213475433,244941007,308412882,336530467,551713423,698904966,789258590,822138297,851853467,882418880,914807546,943920922,991375964
119952178,149301895,213537113,245041853,274977959,308416366,336560529,427598584,727365573,789320267,822271642,851996445,882577254,914849046,943921112,991350872
120031684,149324759,180551007,213675974,245218752,308487876,336794301,521029364,727406050,789403324,822501454,852350740,882737029,914869372,943926066,991191091
120160647,149396992,180681169,213676245,245642414,275160956,308514469,551852064,757396399,789495694,822596549,852510580,882745428,914892705,944043887,991175656
120481541,149398610,180720880,213827766,245694063,275443048,336925213,521188614,757641999,789754831,822704041,852556746,882765146,914908235,944048811,991137624
120567253,149509714,180806233,245777557,275507785,308600279,364615378,427912054,727618494,789760353,822723456,852630277,882769373,915110302,944169877,991012209
120628867,149630835,180816404,214005766,245813789,308876949,364634363,488511382,727643747,789897573,822746468,852631675,882912963,915148065,944240876,991011346
120738361,149656783,180816650,214159490,275565555,308977129,364674459,427967594,758023697,789953099,822832726,852704337,882939911,915186772,944254904,990752564
120834197,149849307,180847307,214189939,245877636,309026240,364717623,457063033,758384626,789990861,822912976,852826226,882997537,915250469,944391709,990739371
121038862,149930704,180916762,214205367,246021131,275872310,364722762,488833677,758406460,790053530,823206436,852834762,883104999,915296929,944411166,990713827
122223742,151276251,182490265,216101938,277334924,310334749,338788221,522989973,671451802,791647357,825197311,854282116,884488153,916137037,945559746,989391855
122249894,151294755,182970734,216137302,248317267,277475340,310484817,553286394,729732462,791696858,825266891,854350055,884498046,916537655,945816400,989263625
122330627,151377609,183098751,216317493,248423980,277586916,310489614,523120193,759477983,791870592,825373109,854365500,884553847,916585086,945873430,989151065
122627170,151383213,183158514,216441805,248544507,277739277,366565824,523141842,701406416,791897982,825434091,854381955,884845448,916586885,946019939,989099954
122723676,151394673,183231010,216588555,248711200,310785727,339168294,458812813,759561698,791904462,825542570,854446760,884971193,916619918,946030530,989088496
123272301,151536568,183355172,248717358,277801260,310872615,366917546,397553462,730188454,792105075,825944741,854531350,885044234,916891914,946189324,989018069
123345866,151653943,183376349,216801590,248729013,278019553,397729647,430491528,759686545,792288876,826029890,854557382,885062412,916967008,946198254,988951046
123369412,151802169,183394443,216961126,278027155,311068799,366997154,397769917,759749772,792352770,826032642,854694812,885069403,916970470,946337318,988858147
123436094,151965175,183446216,216972819,248802050,278155811,367103741,459147118,759945015,792406314,826041801,854874532,885114537,917024938,946417022,988646842
124848372,153292544,184952050,218415814,250468849,280398472,312604237,524534168,731918138,794707117,827702701,855816337,886681970,918661887,947118900,987089787
124875975,153357509,218550368,250628988,280501156,312662571,340369364,368399205,731975485,794731475,827763863,855822433,887105022,918793324,947169506,987041946
124897489,153479219,185157307,218564156,250650464,280602617,312736660,492589825,762206726,794755313,827844945,855860752,887295295,918965132,947228311,987034578
124949112,153604454,185269961,218703836,250693237,312736828,340506273,432068455,762281602,794804212,827875607,855965676,887346864,918982575,947310535,986670419
125070214,153670434,185471013,219083354,250740076,280836349,340517642,492651220,732352496,794862156,827901727,855993490,887442260,919043122,947314199,986197343
125121123,153726715,185693688,250802115,281041295,312820477,340577829,368593258,762347334,794941166,827909502,856124430,887518414,919287663,947364032,985944317
125207000,153828058,185769688,219284112,250869027,281165613,340634797,460890088,762377230,794982089,827994717,856304143,887553123,919329806,947465890,985933607
125230746,153843918,185782275,219374975,250877895,281171527,369026188,460899330,732800558,795154093,828074967,856340857,887665529,919398850,947493843,985907644
125234427,153877617,186224991,219507231,250899707,340761368,369142102,400713763,732833620,795226791,828150575,856489635,887671297,919518492,947707403,985776467
125542636,154156792,186263512,219612666,313577619,340893076,369307843,400971341,733003938,763112853,795496546,856945178,887919329,919630806,947960331,985559382
125706588,186416043,219921558,251727453,281701236,313763642,433664804,526169626,556532441,675498576,828887922,857195315,888404606,919757082,948452038,985156303
125799215,186429786,220125993,251919916,281729079,313929120,341270816,556662240,617710704,675608910,828922793,857297225,888521297,919865407,948496299,985102608
126069021,186606548,220425721,252074188,281965408,314388954,341502066,433731742,617799805,796072380,829010879,857389752,888659863,920158390,948677491,984576633
126085382,186696797,220653794,252075599,282034545,314444091,341592196,493936301,556833205,796197089,829125385,857570578,888722765,920213182,948776532,984479123
126105555,154672703,220659198,252121608,282036355,314516364,341693262,494190260,587216437,796215005,829193048,857967713,888789589,920378293,948925729,984432930
126175533,154684690,186756306,220679296,252310831,314713474,341803197,557013988,618049707,796332156,829229794,858076128,888953004,920434107,949245125,984410836
126276427,154757955,186919836,220687694,252388835,282111380,314895021,587386850,647273763,796419468,829330423,858087136,888956825,920495545,949275755,984226621
126314404,154813652,186999872,220854563,252427066,282126411,314909262,557254550,675962375,796498066,829574966,858307061,888981502,920624409,949333688,984125866
126500438,154838295,187285731,252453685,282395576,314928959,342123779,434452274,676066085,796499841,829636518,858377186,889139216,920673246,949460921,984122867
126500562,154855147,187334571,221033117,252515253,282456708,342182305,527776799,676153110,796700461,829730431,858467725,889455556,920830524,949517057,984061990
126598702,155016080,187375042,221111858,282523447,315039126,342423296,434569932,705404014,796725395,829752247,858564282,889516201,920900618,949526880,983942623
126671625,155053371,187376090,221170530,252667818,282546922,315063545,494741481,734507598,796861610,829913859,858608336,889646683,920940016,949602989,983886988
126714733,155337090,187377880,221205630,252693667,282547411,315086292,463252019,765063379,796937648,829967821,858869797,889861216,920960710,949763619,983841532
126916558,155395693,187513082,221427007,282568982,315292858,342728696,402393182,734576919,797301074,830120874,858901659,889903290,921340298,949772605,983745587
127000924,155398069,187638080,221521459,282647061,315334374,342769431,370619669,765284512,797354078,830125998,859075644,889921409,921352346,949816567,983617174
127026592,155463053,187724349,221743589,252753027,282710901,370727748,435045800,734864026,797465820,830178339,859165151,890053033,921402097,949887950,983508790
127043094,155606815,187929826,221763060,252859227,282869208,370992438,402824228,765350513,797494980,830202063,859314491,890179422,921402554,949999944,983504324
127365034,155615437,188005884,221905526,282948841,342916288,371119602,403063655,705888544,765364625,830431327,859337784,890199360,921463832,950016000,983479927
127446386,155660044,188023627,221962177,252929488,282951731,371195771,463704026,735120578,765508496,830464300,859380446,890290570,921632832,950020231,983441490
128032405,188888078,222592950,253418464,283662530,316098908,343353305,529219902,619551924,677098014,831067030,859793480,890855840,922213946,950512378,982500887
128133043,189012335,222878238,253657773,283971463,316257516,343420394,496235434,529475458,798539712,831131616,859953048,890972630,922296546,950617433,982472236
128288080,189093986,222971096,253718562,284061053,316288842,343479828,435843986,589509984,798710797,831370235,860126352,891034365,922341616,950764810,982372279
128314921,156507582,223048177,253763752,284292052,316298205,343518202,435903760,620025657,798718783,831393491,860150272,891049879,922585871,951051901,982321881
128331517,156727065,189194115,223224139,253847905,284305644,316333212,589618465,620060398,798890404,831479691,860160234,891104692,922598105,951098499,982288267
128340592,156774184,189201364,223224565,254065773,284322109,316480894,559251432,649574307,799083434,831515549,860162994,891268800,922647476,951130438,982101270
128586106,156803017,189221528,223228952,254227817,284437723,316492934,529919212,677864715,799450943,831542905,860287346,891321178,922768980,951169859,982053899
128673956,156976528,189262673,223245400,254338392,284496802,343797304,530003641,649725551,799664754,831746042,860407671,891420031,922806682,951212708,981785628
128822593,157016292,223280709,254462058,284497910,316685285,343830681,372698444,678207319,799849980,831782558,860480872,891447628,922815506,951312289,981746215
128856249,157115796,223292402,254814707,284652207,316727651,343878716,372829808,678240722,799851766,831891760,860529639,891562136,922848072,951317793,981488654
128970087,157326676,189394773,223332517,255009169,284708219,316772496,436541013,767863992,799935073,832070366,860645088,891568753,922975169,951318452,981359566
129110920,157679450,189401598,223341275,255063987,316813690,343964186,436605502,707329305,800015475,832113277,860740208,891593156,923007833,951334746,981332937
129199722,157699902,189620573,223390990,255079461,284893805,316894285,464915067,736862029,800018702,832116383,860793355,891654611,923352532,951357488,981321304
129282259,157851739,189781891,223406903,255115515,316917466,344296004,373638158,768030559,800086378,832170633,860930496,891930086,923410068,951603051,981223065
129500932,157909045,189839631,223601615,255293211,285260283,344432833,404371129,768204445,800101329,832221576,860934424,892057005,923494056,951615275,981145417
129570353,157925802,189870662,223639625,255343631,285286679,373825321,404508774,737261358,800177309,832289112,861073757,892058210,923499086,951679865,981006929
129590620,157951056,189987775,223718403,255481974,285360501,373933877,404523138,737361249,800253051,832366704,861248184,892099294,923514437,951683352,980514736
129612630,158086710,190013152,223766479,285377763,344561086,373974486,404531349,678791523,768312317,832403631,861426189,892143456,923592583,951937717,980367483
129730491,158314334,190224565,223952781,344667259,374019709,404701786,465577497,497216635,768818975,832433818,861446751,892241177,923733436,952193787,980239897
130046479,190849313,224243376,256242559,285942782,317808030,344979538,531427653,622298887,651657650,832688599,861837241,892823424,924153367,952492367,980074086
130310999,191123693,224949633,256501314,286656312,318511970,345560851,438621718,561272380,800989363,833135291,862077632,892987107,924728439,952642521,979446827
130353100,159215628,224957776,256515439,286744802,318551913,345582099,438746599,591908211,801070023,833225670,862087657,893120067,924787029,952785616,979370888
130443794,159270473,191168213,224978314,256518589,286920615,318745210,532012037,652149474,801176049,833333039,862146367,893128960,924794191,952795558,979301900
130492036,159572822,225053109,256651010,287134835,318797714,345753093,405472692,622909052,801184750,833333324,862247567,893268460,924864729,952798834,979266928
130647467,159614834,225160651,256698960,287477633,318837196,345836082,375275333,652205627,801329211,833417139,862393426,893303938,924969849,952988074,979153850
130654249,159865828,191298501,225189630,287504450,319009574,345853528,439132201,652419119,801477307,833519852,862511848,893456517,925163838,952999196,979119017
130777968,159872106,191307834,225457578,256880190,287544602,319137659,499380292,680257043,801593496,833643999,862543956,893498204,925346525,953033016,979107696
130780830,159979687,191330491,225559753,256898106,287582317,319145956,439188990,739412666,801647053,833727601,862563858,893661719,925351077,953184477,979009959
131092322,159989589,191468581,225607241,256898835,287855276,319192198,406023701,770997949,801741105,833888694,862766410,893741955,925478729,953408776,978919337
131280490,160038298,191782678,225722190,256914796,287865064,346127917,439712873,709850104,801964331,834026034,862772103,893793066,925575648,953474046,978912371
131286958,160254228,191866027,225773730,287985591,319357139,346239999,375723467,709855901,801976789,834102291,862871548,893823256,925630802,953514074,978731020
131386814,160261857,191891670,225794316,256982044,288085223,346296934,375896880,771521928,802080382,834206354,862961221,893850030,925695786,953562139,978513672
131390540,160269494,191924136,225866545,257113994,288140407,346319704,375903290,771525708,802234030,834217056,863032991,893923188,925764401,953780203,978336877
131477168,160305875,191944627,225930504,257221213,288152388,346436174,406204846,740088682,802463390,834256160,863118440,893992859,925861295,953814939,978153719
131510685,160310085,191990663,225962463,257259692,288274827,376072744,406295033,740122394,771751006,834291027,863206969,894018475,925888585,953888525,978049786
131527554,160367556,192164107,226056703,257306785,346593872,376214806,406479611,680956242,771770019,834625176,863426901,894030501,925921831,953972536,978001757
131644652,160368621,192240926,226098566,257320033,346647893,376343450,406538114,710900975,740224997,834687469,863446380,894184053,925931305,954268043,977981220
131655262,160392464,192252617,226140632,257578643,346670424,376377762,406555157,711039482,740264741,834853758,863456401,894204023,925969440,954327506,977895374
132124864,193041079,226391598,258156362,289440248,320647561,347256325,440889360,534753700,803663315,835423457,863907835,894728086,926659889,954937209,977425541
132191336,161611787,193075621,226862145,258265498,289449197,320797269,534849198,624571866,803849499,835622589,864077536,894828866,926770004,955242992,977211745
132204723,161672064,226863090,258366284,289481420,320808209,347374281,441171746,563229554,804119803,835906513,864161347,895059922,926772748,955304957,977137940
132398458,161724134,193494389,226896930,258478997,289553601,320808391,563353283,593716704,804140573,835927174,864184357,895080561,926787795,955306746,977114988
132628119,161925657,193628299,227034130,258502077,289633828,320861113,501389936,654751241,804162083,835993711,864204589,895089820,926823542,955379090,976938437
132817879,162236593,193686619,227292484,289918140,320955199,347634694,441426626,624957491,804218020,836023100,864299106,895189389,926916571,955481543,976882221
132874667,162348560,193708865,227503440,258511831,321074906,347829284,441606288,654879040,804285189,836135156,864349468,895193110,926918614,955502588,976830861
132891581,162416161,193715118,227521267,258713010,289963800,321132084,441613030,712172763,804319654,836193184,864427510,895216214,926955974,956023962,976465187
132901985,162454343,193978933,227623723,258782517,289967697,321180514,469926450,682218044,804376294,836212312,864441698,895407751,926991562,956068294,976295239
132932797,162508562,194021883,227648877,258782746,289997200,321282435,469966376,682250894,804433703,836399568,864480717,895634247,927005270,956069933,976270403
133039900,162538062,194129585,227680167,258803236,290031760,321345525,377522638,773154906,804496122,836424021,864576920,895713872,927138132,956317898,976259183
133357417,162627461,194346042,227770445,258877328,321436758,348064713,408871672,682354690,804665251,836450752,864613843,895720115,927144820,956632325,976112711
133397475,163032831,194488586,227800665,258968261,290314163,348077824,408893016,712480811,804761658,836481246,864760204,895808112,927162485,956696422,975734795
133404405,163071630,194489068,227813476,259118040,377858306,408896507,470368475,502144606,804887788,836546585,864869961,896160092,927255676,956766643,975660948
133447058,163156078,194519496,227814195,259281395,290510252,348155396,377858780,741731547,804921171,836550106,864884344,896179429,927511272,956871098,975622856
133521592,163179219,194618834,227914288,259396102,290617561,348307608,409009206,741844954,773379491,836625993,865170151,896231676,927532458,956929351,975540036
133595207,163275387,194648262,228038920,348452907,378056750,409224181,442192748,470552459,773395913,836642810,865225407,896244690,927596542,957001714,975440644
133720469,163355419,194685757,228135723,259576760,348527580,378364079,409295010,683647481,742060859,836738132,865249029,896315612,927643805,957002259,975288734
134532076,164175264,195465307,228560105,260370844,291558996,442702016,536422960,626940164,656789865,837564893,866006764,896783746,928269689,957789452,974872611
134617495,164274533,195536714,228604967,260473108,291590577,442976405,536433111,627018148,656857916,837734839,866076417,896878922,928364746,957806924,974696989
134717257,164405054,228652625,260567371,291652994,322004591,349608111,442977691,536434947,806326047,837972430,866190533,896888091,928404084,957845757,974634627
134782568,164494616,195646594,228978332,260702356,291658096,322031348,536640850,596327225,806446808,838006446,866299732,896921615,928431344,957897227,974571521
134851578,164678746,195669676,229040122,260712142,291687282,322035486,504322712,627090651,806504615,838090285,866382449,896996941,928622379,957932500,974489302
134885171,164726872,229064224,261021581,291697005,322041317,349867519,379724003,596366054,806601679,838207897,866432202,897009949,928708177,957983467,974484985
134963497,164733716,229316622,261204036,291731710,322090113,349922716,379729259,596549228,806656043,838352300,866502630,897031383,928733142,958037277,974414980
135077962,164965460,195815488,229352327,261260698,291750440,322166424,471616866,657255775,806688113,838360898,866718622,897134948,928816708,958048547,974161170
135084964,165034931,196003287,229475675,261382986,291871507,322309743,443653689,684814888,806790334,838428224,866757874,897232567,928844889,958139318,974079012
135329486,165102115,196039377,229484904,261437963,322477919,350310394,410840198,657434722,806832194,838438223,866784297,897237200,928985674,958246460,974052675
135399498,165262889,196277205,229562208,261488783,292171178,322525761,350384450,775300666,807036753,838489896,866796286,897250027,929044474,958254851,973929050
135408262,165562898,196340776,229694710,261567102,292321838,350410279,411095358,685171687,807359358,838538755,866909734,897318266,929045001,958276734,973897528
135417807,165690147,196700557,229717368,261577429,292464684,350468205,380229597,714579678,807431679,838602044,866944039,897347073,929119520,958757849,973890169
135422990,165743603,196732632,229723331,261607435,292468182,350475935,380234110,714598632,807702411,838634486,866994850,897600384,929263093,958846129,973832305
135462167,165829643,196745487,229851697,261662097,292869360,350589037,380262524,744343997,775666062,838701419,867001702,898264654,929459545,958946385,973829464
135578174,165873220,196781884,229935564,261863088,350884496,380271757,411346492,685297945,714975805,838724995,867262926,898603542,929520367,958984787,973652692
135607970,165911623,197089654,229991755,350893201,380341350,411483681,444099112,472096941,744368176,838747285,867440711,898605664,929565392,959005507,973530148
135653699,165944324,197322845,230038749,350983897,380355824,411671032,444122627,472248214,744389459,838801496,867599592,898620602,929646734,959169090,973429107
136033243,166592105,230619042,262261430,293633125,323213229,351270373,538460507,598131338,628891321,839163417,867921632,899226363,929988016,960287713,973059808
136137253,166796430,230983165,262368604,293728179,323328894,351487787,538834382,566888392,658761458,839297446,867958027,899458132,930059938,960411504,973007529
136215337,198152267,231038105,262392985,293755708,323329713,351678306,444497110,629029618,659110648,839301136,868118113,899524282,930168719,960444973,972782692
136215538,198265050,231114631,262695820,293831091,323400153,351755299,506310475,539033718,685978741,839337836,868428036,899584947,930231969,960525214,972627114
136530828,166877203,198281487,231225774,262734949,293853658,323466446,539118574,567093986,808980137,839348691,868470511,899590490,930304041,960574959,972574462
136617494,167104232,198307938,231424224,262740186,293954986,323606698,506427948,598576888,809283436,839470055,868507263,899716303,930358121,960701918,972288300
136622213,167197021,198421906,231429389,262761009,294079989,323628292,506592276,598736730,809410107,839483045,868515389,899800750,930360184,960723159,972147601
136766039,167242975,198483962,231536436,262807526,294089737,323640160,444617150,659343834,809476768,839737647,868703218,899950845,930403511,960737422,971880806
136880155,167367929,198576013,231668022,262858747,294165272,323688980,473377955,629944200,809589234,839789655,868720450,899979886,930426572,960802099,971766113
137193434,167545081,198633369,232035924,262962387,294172944,381839612,444661721,599024065,809596574,839873423,868735558,899983537,930435895,960846978,971726525
137243837,167551533,198774157,232079215,262976871,294388579,352233112,412872716,659570588,809777111,840101515,868759769,900001087,930490852,960942039,971640169
137295993,167641325,198832007,232423507,262992341,294392208,323906054,412907653,687129206,809934096,840293466,868784571,900218679,930541615,961036070,971614504
137319280,167643294,198894329,232552463,263085261,294870068,323914613,352274227,746326549,810114451,840507182,868833272,900238550,930571930,961054736,971481992
137332372,167676938,198991026,232590063,263155983,294890768,352325864,382215137,687471078,810166338,840537946,868850526,900269233,930577128,961072309,971408429
137345522,167940970,199036610,232923778,263225886,382617336,413079154,445010357,474129200,810310376,840638220,869424308,900353095,930618666,961094120,971369322
137371632,167950898,199080696,232932894,263270079,382687921,413209967,445027416,474308391,810355152,840666193,869446226,900557677,930649609,961094694,971314170
137468557,167955359,199335207,263316216,324043296,352528216,382713052,413216541,474371966,810454438,840774074,869563868,900567101,930721306,961295188,971251713
137549432,167972867,199385469,294992251,324200894,352717467,382751042,413224822,474457224,777912040,840821181,869631638,900591254,930810271,961403113,971225624
137551137,168003257,199442020,233156995,353041098,382771023,413335475,445407948,474580551,717083454,840870398,869653971,901084087,930842971,961569024,970908547
138087283,200139060,234205544,264166113,295709231,324912818,353794658,508453953,540718962,660802471,841748471,870010428,902192001,931929206,961977049,970667036
138111229,168743713,234209698,264219064,295804690,324968713,353904502,540733676,568897726,630952002,841812301,870025396,902207476,932031387,962101521,970576265
138351357,168749684,234236857,264352031,295901321,325010183,383812352,508485081,540744964,660899799,841852320,870105045,902237396,932050438,962162549,970520406
138703500,168779659,234361151,264464720,295984648,325106146,354053572,508668313,541200753,688636686,841874617,870290970,902249247,932244759,962283282,970487916
138780463,168822441,200854472,234400835,264545469,296049744,354061109,508776352,541423136,811563554,841897307,870302623,902328482,932303567,962344309,970327259
138810800,168901839,201115358,234408226,264640151,296049868,325629045,508835427,569187801,811711693,841927280,870382477,902358678,932381765,962485449,970248791
138811253,169162847,201174392,234559326,264746614,296167085,325712311,446153344,631338299,811798157,841957696,870544865,902634725,932444398,962534244,970214679
138907153,169173573,201279726,234579391,264767685,296222768,325756412,414523573,661354313,811803791,842196323,870564422,902683421,932474149,962598393,969985641
138960278,169288802,201341107,234625573,264805900,296483485,325759569,414536588,661456245,811852260,842206533,870832027,902763714,932474474,962684325,969813536
138977327,169361156,201344602,234685696,264808253,296569774,354264080,384105698,661473705,812031786,842321239,871084189,902876667,932526776,963147204,969677380
139087794,169695797,201367965,234703089,264883723,296689531,326040228,354290805,718170208,812174581,842408591,871369306,903086778,932551172,963323667,969138218
139250741,169736200,201388353,234743363,264894742,326040853,384270187,414749895,569956041,812329245,842421337,871568841,903209409,932608593,963455744,969087717
139397723,170329181,201499802,234808433,264923785,354538243,414870721,446971741,476717751,812374437,842421503,871734621,903326836,932614903,963498394,969010950
139535073,170330266,201602853,234974667,326090134,354704869,384562985,414893333,476772802,812423638,842438916,871852953,903371967,932624713,963588700,969008522
139582968,170406618,201686619,235014444,265096225,354716507,384757027,415312014,570020939,779839438,842497573,872057457,903616390,932651410,963641582,968982474
139641857,170671746,201691964,235054919,265109461,384764574,415312367,447095701,476799174,779911273,842523222,872073485,903652444,932661029,963645997,968926414
139834103,170679160,201705661,265144659,326216314,354892670,384876639,415336856,476856809,779961874,842530767,872109068,903763007,932672416,963667403,968686821
140362891,202490759,235422185,265821906,298178964,326635881,355522525,511081105,542547797,633448299,843104953,873108536,904667360,933940956,964667321,967921155
140462085,171236744,235484301,265854272,298408806,326639551,385266797,511507166,542566647,633480104,843395412,873121765,904682876,934037747,964707189,967877441
140487197,171377155,236001368,265915641,298454898,326640477,355619101,511558879,542648011,662769046,843479829,873129845,904787099,934081560,964708921,967863627
141010650,171460872,202716456,236026494,265979096,298475754,326685521,511651124,542688909,813708055,843533245,873213047,904835093,934206537,964761048,967804485
141120274,171520372,202865371,236047956,265991591,298687358,326775847,511748747,542886896,813761265,843613668,873219270,904845387,934289902,964813200,967661245
141302806,171846586,202878902,236101790,266101528,298708438,326786258,543006642,603714717,719666529,843642913,873370347,904863393,934412064,964844556,967431710
141387815,171936213,202901530,236158460,266190860,298867453,326824507,448082438,604036222,813903471,843903992,873629508,904944821,934469251,965135085,967385442
141538271,172202157,202996624,236429568,266215203,298913173,327113166,416788287,633658834,813912833,843927116,873660767,905006492,934532246,965173928,967275643
141631056,172242201,203634700,236564726,266235559,299318754,356223848,385944240,633665697,813934515,844109151,873908580,905157308,934721291,965323842,967180266
141671668,172335977,203691216,236639701,266266726,299529780,327417889,356531630,690858322,813948292,844173644,873971000,905205413,934776287,965346178,967005995
141726591,172358021,203760782,236800603,266367647,299628967,386006179,416889867,571618599,814214560,844208299,874044386,905253782,934791532,965380081,966836934
141799804,172458623,203909825,236810880,266493031,327545781,356779943,416921700,571689157,814461621,844262609,874051371,905396021,935092637,965432497,966462249
141847815,172602928,203915047,237129888,266582866,327547627,417104087,448339321,479141573,814539901,844272421,874107635,905463988,935106530,965509091,966459156
141911926,172624133,203922610,237166597,266667210,356954254,386341022,448516748,479223869,814540808,844413687,874269193,905563673,935165095,965587378,966412225
141935891,172750447,203923007,237227398,327922063,356968083,386356556,417175391,448557309,814704408,844424619,874436955,905670921,935283255,965614598,966397545
141993564,172784163,203992371,237325959,266743413,356975010,417230854,448579128,479851397,781521777,844528845,874527915,905804598,935284271,965834820,966326811
142262674,173029843,203997153,237393881,266767515,357105637,386498589,417424981,571818217,750718854,844647491,874697620,905819066,935314002,965850679,966201974
142378821,173154919,204297290,266878259,328239483,357201464,386539631,417565620,448773745,781913945,844691329,874784394,905835573,935326611,965862220,966170979
145198299,176318854,208235136,240649114,270640593,303571788,332484520,452682315,695272270,785356398,817670371,848458768,878792729,909306619,939117086,996200786
147614161,178540572,211363477,242792863,273013390,306071256,334397610,362467276,755892150,787638001,820464296,849755073,881085180,912460838,942244326,994068718
166736181,197979078,230782168,262299373,293715016,323261177,351349162,506084677,538660375,658752422,839250419,867937375,899419540,929996911,960398312,973010543
168523777,200109062,234110566,264068226,295637659,324827078,353689922,508417625,540716344,630899906,841286487,870010130,901967794,931826569,961956970,970671959
171137607,202371036,235367649,265751634,298094501,326630896,355508100,510961706,542519044,633402345,813484576,872974999,904628709,933686745,964580751,968131660
250213966,378971479,412513993,445937820,472631436,502328655,534627050,561955302,588375045,615020172,639912470,665687875,692826726,718742724,746850205,772277926
250253474,377864589,412592280,446140453,472972353,502905968,534958760,562009223,588689917,614780729,640444029,665742581,692817818,718513424,746615590,772549307
252591440,379234996,412717760,446020993,472330226,502164492,534231775,561930501,588158687,614178852,639818267,665598795,692726953,718528012,746734669,772468542
255989916,376619563,411323875,445653447,472267529,502140459,534018473,561843475,588108899,614561154,640402350,665839501,692906570,718772155,747006803,772188149
256868323,377799531,411957890,444525174,471460688,500930847,532772120,560747505,587101014,615163477,640755694,667313834,694031525,720103536,749163341,767755922
256924835,376895650,410901596,444924341,471858938,501531526,533723026,561682113,587902788,614637446,640520739,666728564,693623300,719310456,747950647,770049536
259491756,376029617,410397057,444830227,471738633,501451359,533677930,561631201,587879247,614551165,640473141,666585824,693567219,719274448,747789842,770204967
261922824,375685812,410377670,444638512,471613074,501366976,533406852,561040040,587338391,614200095,639957089,666334071,693522055,719210072,747738226,770547747
262153621,375466656,410287944,444584436,471715264,501438551,533631262,561427427,587566354,614291857,640187050,666225228,693112064,719185593,747599745,770975948
263456673,379732680,412930684,446119230,471936776,501259460,532845550,560642433,586319214,613116505,638955318,665189561,691274090,717767970,744872251,773499940
263595863,374893541,410270216,444546840,471636326,501429020,533504035,561167827,587483743,614201423,640162019,666121833,692988114,718981104,747479268,771094926
265060839,379814757,412488741,445404877,471527919,500946925,532288835,560424639,586151685,613204766,638976765,665277655,691595645,717842094,745907976,773048299
266706488,379641264,412102792,444393601,470980986,500416502,531881790,559847024,585948571,613007277,639167000,665375071,692428103,718311874,746655938,771943961
267394051,379767587,412424209,445139784,471466827,500603306,532002830,559982883,585746792,612859306,638798730,665142122,691390282,717814776,745592534,773134254
267432327,339427415,415460712,447755027,475534909,505153005,535990860,563426116,589955404,615879936,641930058,667855848,695161818,720045373,748663582,770011061
268125262,339797234,415556570,447646265,474622338,504363794,535638293,562816298,589703471,615794031,642012576,668042919,695566101,720554784,749096275,769510111
268283709,339921284,415729538,448027927,475530606,505120979,535955388,562825276,589671678,615752595,641425987,667603880,694845266,719861190,748249757,770732392
268408515,339206100,414505962,447529794,474976411,505010904,535793688,563010332,589898752,615994208,642175348,668236216,695769371,720714352,749134862,769296863
268630653,379851381,411990411,444349283,470965560,500368324,531398381,559669072,585724743,612943281,638967950,665323148,692155085,718141207,746509788,771986570
268920902,339610382,414728307,447510549,473558115,503820436,535558520,563455942,590385170,616426719,642875365,668576755,696508127,721708917,750141673,766214074
269061140,340024226,415900553,447236012,473470306,503650011,535526346,562758600,589958955,616032002,642468775,668542635,696380955,721390283,749990370,766702924
269391310,338460874,414247241,447440244,474786884,504720624,535757049,563054917,589932933,615885165,642061356,668191453,695753260,720571111,749131392,769312680
269533924,380425355,412866777,445003529,471238486,500458157,531855219,559544533,585478466,612586308,638260614,664954103,691050563,717496104,744867358,773354166
269691687,340183340,415987288,447164904,473276005,503482004,535516695,562573812,589614572,616004241,642235886,668537833,696316872,721308612,749896243,766890270
269970515,340116564,416034346,448221417,473847780,504095785,535532333,562661822,589469184,615735770,641640763,667693944,695360617,720283572,748907734,769622279
270107121,339453443,413887685,446164584,472732418,502394955,534884895,562337614,589366222,616455418,643375224,669285640,697403748,722416118,755705578,763323237
270516741,380756849,412307324,444340285,470508486,500043817,531135915,559494511,584989205,612755377,638438775,665195284,691535884,718023987,746359407,772483742
270696092,338128964,413845947,447117276,473856510,504445210,535737866,563104342,590166829,616234176,642571324,668550818,696470363,721460850,749960333,767060906
271050556,380469972,410683743,444048228,469988874,499210020,530523354,559185066,584801739,613450475,639174914,666771019,693950690,719938175,749620676,765956606
271841061,381050544,412959858,444500954,470665930,500156004,530646654,559300119,584850103,612380445,638238943,664966698,691233881,717835108,746122358,772508777
271978231,342876747,384008163,449597669,477953019,507213299,538269511,565034942,591938775,618442992,644577492,669858172,697386246,722296141,750558278,766904861
272424045,341939542,383426363,449257025,476709672,506190257,537108338,564562617,591837558,618477080,644865566,670326147,697955118,722720587,757377869,763558318
272511529,342679954,383703510,449237321,476420514,505818429,537098719,564341410,591464193,618453747,644862726,670297379,697908469,722639496,757256745,763686862
272694066,340808804,416046958,447011940,473007436,503444893,535362082,562351394,589360847,615600320,641920406,668425550,696189029,721195051,750384994,766056685
272818641,343596817,384038674,449520567,477873828,507145333,538105830,564919188,591754821,618356787,644472918,669733635,697299710,722181128,750328257,767087814
273758781,341260207,416152391,447700594,473619137,503371055,535323287,562254886,589029599,615390710,640861459,666942475,693937281,719435144,747954368,771365151
274463011,343903623,384287839,449724326,477725041,507111344,537396695,564769957,591533549,618084580,644456692,669701316,697140053,722140955,750165286,767088321
274617711,343652821,384007409,449419340,477365715,506745858,537254167,564716325,591494791,618425222,644674053,670251021,697470585,722378296,751013719,765659129
274963867,342887752,416161610,447568761,473124041,503239492,535211868,562158156,588950811,615319831,640612438,666798756,693623497,719191157,747318338,771912718
274994637,342647641,414714757,446964052,472940888,502696007,535316957,562186082,589126313,615453862,641183924,667622266,695364567,720897610,749580781,767409859
275585270,344530775,385241109,449759269,477381211,506870591,537213154,564472919,591186507,617506370,644029228,668775408,696518110,721662729,749727705,767990525
276263610,346716092,386787061,420136893,480323022,509306006,540329947,566432230,592876273,619819967,645873743,670995879,698510254,723095830,757383408,764333897
276844007,346585665,385972582,419759730,479947295,508863581,540077995,566078780,592872954,620099660,646091044,671421051,698994704,723280225,759485324,763177969
276894412,381446696,413478622,444289059,470367203,499528927,530454659,558897677,584218633,611582198,637693068,664426245,690142075,716270123,743959868,774597484
277216438,347277085,386201148,419815381,479877366,508473549,539599383,566013249,592815489,619766208,646062817,671405489,698832244,723210658,759461435,763215764
278461776,347511914,386444556,420024475,480155368,508992482,540101439,566038178,592807836,619483927,645697111,670684064,698242710,722768220,757139962,764755415
279187557,344065668,416857411,448248920,473198117,503110849,535087937,562024159,588696207,614039811,639280322,665446470,691994926,717966053,745885135,773196889
279256179,381460880,412398991,444276818,469842850,498934735,530231382,558698135,584196489,611720763,637730048,664772145,690412515,716929789,744840464,773108348
279359396,347940072,386966330,419963958,480066071,508863726,540025719,565993922,592711735,619307709,645498161,670586006,698086370,722655820,755786904,764989409
279470884,345865295,384209717,449264565,476773080,505707973,536991114,564195489,590780596,616851259,643399933,668722201,696783957,721735205,749659102,767925191
279824568,343675982,416694922,446687589,472868044,502137089,533122108,561017053,587049008,615180130,640799424,667545257,693986366,719914311,748673392,769514253
280238648,346007295,383719913,449044904,475803463,505419630,536931790,564108285,590825126,617008317,644260494,669816069,697470292,722329536,751163173,764711122
280770656,347416096,385153688,449257420,476227118,505488761,536810109,564019350,590612732,616529198,642965651,668503553,696115366,720934053,749554133,768995657
282058031,349290360,387583436,420208838,479664977,507779630,539518550,565353275,592380671,618904051,645333770,670350876,697817181,722431683,754103248,765948657
288443363,349482019,386217602,418677571,478438799,507216151,539018412,565176723,592126898,618613829,645180758,670430311,697813981,722450522,755568401,764842758
288720459,349497789,385758575,418109735,477588721,507016080,537387455,565092080,592075664,618648652,645466036,670655711,698317398,723195610,759604240,761730272
290455992,351913089,388552885,422113639,452696164,509946063,540658194,566563743,593413634,620402248,646175117,671437019,698733994,723187808,758018982,764152310
290854536,352162355,387896616,420928697,451823112,509294286,540485692,566539657,593412688,620692463,646262300,671751480,699442912,723737390,761879380,762321221
292998077,348061724,417645394,447084383,472073553,501135706,532160894,560281308,585534876,612390038,638132191,664890504,690763241,717170049,744820774,773526098
293148265,349727093,417676092,448236542,472046976,501134696,531929329,559542548,584925013,612353437,638040707,664867921,690730147,716977793,744629378,773573079
294922456,349927972,385672158,449223444,475582744,505026479,534766540,561999184,588887202,615060785,640560985,666228124,692924178,718774012,747027982,772790918
295520098,352193423,387241982,449348377,475972800,505208640,535664113,562033619,588798861,614041433,639567583,665454203,691517892,717790039,745342989,773551337
297061369,352260088,385884896,418182325,477232362,505775492,536202494,564030599,590829252,617773429,644317648,670163673,697801172,722424012,757913757,761809635
297459537,354112363,387790613,418809387,477944646,507015400,537008812,564253016,590678024,616750521,643087398,668606660,696044784,720438265,748699958,769713646
300065201,355549246,389308407,421124543,451446043,507878162,539302074,565333098,592506782,619104216,645485003,670510317,698188668,722864180,756278991,764259055
300692960,357532887,391493851,423167056,453296115,481559234,541790920,567467537,593942755,621154640,646462883,672244292,699527277,723858467,762387257,762578853
300852525,356173262,389533333,421251856,451491165,507701116,539215643,565306560,592197416,619063083,645455819,670441190,698025170,722577416,754170378,765346731
303305545,357968752,391662840,423067666,453009187,481243530,541551626,566809621,593684280,620897557,646314394,671711185,699423804,723295956,759436955,765266824
303321585,358254916,391946009,423164837,453188364,481308695,541644204,566938735,593685507,620980378,646344351,671800436,699428665,723384065,759455345,764596027
311954315,364805987,401991718,437310252,466128505,496564587,528254528,558370890,584631154,612859384,639572122,666371421,694443397,720787091,750041603,764548968
312062971,365178014,402049504,437457342,466265270,496619392,528308120,558379193,584690751,612897309,639689944,666376562,694728714,720843680,750042003,764358509
314969636,365893361,402292750,438159685,466526813,496549440,527913682,557893943,583960963,612056778,638740249,665393602,692855301,719247493,748400828,767835784
319613356,367375456,403457979,439583359,466840285,496451814,527320726,556672499,582742417,610831305,637501062,664661768,690468980,717273184,745438365,772521925
321573776,368325943,403703192,440277353,466973915,496626386,527175734,556438888,582614934,610388595,637199379,664121537,689668158,716536772,744507562,773308891
322782064,369482678,403872108,440414825,466878052,496276007,526917662,556364921,582228582,610148835,636921442,663465231,689113978,715964754,743941829,773910587
322924086,369708433,404224270,440695263,467142880,496885693,527730919,556291959,582022349,609972644,636270047,663243378,688811384,715510565,742828594,775310455
323838208,369683326,404221136,440657027,467120602,496813509,527087962,556208177,581890356,609938791,636251457,663193229,688806492,715481263,742725242,775457581
325142505,369851813,404250660,440573933,467064968,496285378,526839965,556067275,581783990,609875931,636209307,663105847,688744204,715010782,742548695,775739606
325830620,370051530,404722213,441158392,467255975,496928647,527063294,556128618,581708870,609809087,635976441,662663943,688439821,714038856,741543413,776546972
326160456,369959935,404145238,440573255,467006757,496136330,526281193,555996636,581411350,609851520,636194316,663013491,688661839,715002337,742387766,775832223
327516672,370100747,404705391,440499156,466557250,495971772,526150990,555865008,581283314,609647082,636121302,662793892,688599350,714640522,742118821,775946232
328612117,370143671,404029279,439947678,465279669,495059824,525074651,556139375,582060251,610062533,636698578,663424541,689024269,715955442,743759037,773922906
329581379,371443764,405118093,441186099,466579332,495949415,525683314,555815543,580567007,608922131,635389854,662275999,687906767,713838811,741126695,777157467
329599937,371489742,405133056,441632746,467323799,496786408,526137945,555681832,580372150,608679001,634937049,661724147,687079159,713408328,740535529,778267845
329654673,370348281,404719941,439000412,464983235,494809141,524797563,555844083,581864092,609988851,636661831,663375599,689016043,715940894,743631043,774162346
330419403,371878048,405603122,441666153,467360041,497040524,525945736,555470631,580153388,608530779,634886468,661709018,686956204,713374176,740399445,778301496
330496640,371799569,405156091,440808996,465448164,495319375,524944239,555179057,580785256,609484517,635684757,662613898,688486717,714394769,741986379,776196831
330853762,372085206,405695806,441949315,466300445,495456050,525100814,555288938,580558576,608882981,635318868,662091684,687807965,713818699,741078977,777300428
331060533,371764353,403703978,438035143,464673276,494219815,524322151,554834025,582436150,610320341,637143842,663826793,689589343,716478029,744394509,773117429
331116031,372196478,406075557,442013241,467237453,496026223,525541641,555183122,580072438,608379831,634783976,661547677,686717817,713107740,740307196,778386343
331229342,372089339,404804586,438833471,464850254,494318622,524384883,555165954,581164214,609922509,636318726,663370242,688991067,715933171,743309419,774162367
332128526,373202235,406202892,441646729,466077655,495382397,524853777,555147608,579725896,608374540,634850477,661747603,687480007,713537239,741008925,777561558
332607818,372374378,405734286,440899154,465363714,494827376,524660055,554971699,580045288,608861138,635463559,662392693,688310532,714001885,741634809,776355427
333417849,374148949,406815093,442017580,467087419,494985198,524409379,554499944,579341564,607883692,634466289,661101277,686664788,713233930,740741325,777790285
334525230,374544360,407512192,442294078,467509497,495845293,524472170,554385791,578945692,607441711,634164440,660606448,685832834,712361174,739355166,779094360
337043090,375677372,407196911,441308104,464890553,493726485,523958423,554262772,578770740,607496201,634371649,661318149,687465228,713675770,741051663,776899750
337110667,376539055,407846482,442329215,467373097,494613746,524216409,554247078,578534959,606895765,633627333,660060273,685322007,711843586,738670642,779548475
337188013,376462152,407710357,442184496,465632170,494551194,524127348,554172600,578552933,607130066,633967071,660527816,685835203,712727085,739939119,778567621
337837864,376656780,408004479,442232399,465206508,494258809,524086691,553994977,578384277,607064000,633819365,660432657,685798149,712382039,739445490,778672147
101161637,112717252,143186382,174083346,205540266,238232090,267896414,329358091,513980968,751691927,782768042,815608946,845461311,875729979,906813208,936310742,998727118
101395489,112800819,143288020,174154366,206067326,238699054,301095586,358191246,449472256,751941757,782964323,815882824,845853564,875880869,906918355,936498220,998479862
101447761,112854373,143599852,174167474,206232597,238828742,301219154,387806430,418427713,752094507,783081731,815928932,845966299,875900911,906934620,936524853,998453158
101480430,323994502,365944130,398179700,430441125,457632685,485624716,514353086,543998933,568756733,595519313,622869062,647073503,673078114,699883931,724299169,844876775
101528377,324223535,366198183,398307553,430727571,457855772,485807173,514543110,544212519,569138362,595572764,623074109,647134432,673219897,700063320,724380906,843030200
101576827,328235908,367227581,399238976,431495077,457542025,485027641,513792324,543934094,569146035,595312526,622307325,646553293,672044308,699481459,723622412,842995549
101581327,233085499,391122066,410302763,438883717,463181621,491098482,520089861,549260408,573387747,601364936,628181765,653233244,674634390,701712438,725574718,841046554
101685813,330644950,368402886,400445595,432037134,460306492,486229838,514759797,544417175,569187848,595683046,623177890,647317128,673285774,699747614,724085464,828584933
101826579,244124609,332637127,367435753,369795950,396115432,414519779,573021429,600691908,624233112,645658028,648777302,674279951,700326731,724800779,765970262,815149404
101880535,331534242,369003140,400797725,432474720,460386126,488880728,517944560,545044848,569727106,595888924,623304878,647966811,673430065,700719371,724927053,815028025
101890906,244143782,332675418,368572981,373684465,397353574,422461415,549126983,600745175,627088752,648119397,648903644,674508116,700830590,724976262,767035159,814824884
101939570,331025853,369147032,400919137,432634283,460411417,488683159,517732489,545453013,570013234,596124897,623238011,648008542,673434520,700996164,724983203,814729706
103234962,300093499,349732064,405632281,437010662,463548853,491101435,520420092,550079711,573583057,601909862,628571291,653712258,676708424,701868865,726060780,814712346
103561351,247374433,333249572,427927316,453284549,483120388,497150088,528012794,553722381,573753080,600927867,628200926,650561114,674614877,701494482,725807395,813396847
103563803,303247099,352382252,382164282,443224296,464423720,492536822,521767279,550338043,574457013,602883211,629273498,654281215,679079486,703165447,726394553,813681769
103658633,329080063,367635096,400333025,432296987,460204378,488121110,517703964,545496091,570347063,596948886,623828878,648204520,674106912,701144857,725623770,813523695
103805612,248115517,370244081,400437202,429145258,483222845,499738536,529779320,557024711,575059007,602406850,628826783,653342732,676288078,701777131,726108620,812521029
103947664,313090443,355753240,383899370,411239121,468178950,497102587,522435380,551646165,574670508,603265344,629668691,655504023,679757081,704795790,728118608,813361432
103958948,330700420,367881220,396879069,426669514,450509396,475220454,497548723,551957827,575479916,603585243,630078129,655880242,679830622,706216999,730840519,812810680
103967246,255757079,370339922,400462463,429310608,457037352,507216320,530009617,558444589,575806507,603512232,630018583,654095231,677237172,702883165,730615604,811545594
104023782,270279741,337207286,371568979,429706344,485268105,510936929,532188557,565691911,577551865,604348277,630221449,655903029,679775071,706002379,732289207,806128657
105260061,328226465,366951865,399746527,431717844,460180902,488456040,515092609,547525029,570416009,597033820,624206927,648873234,674831641,702061119,726742369,810775232
105269769,326147557,366377197,398552002,430012497,459315588,488555425,518160167,547938627,572585759,597367508,625206167,649058398,675187333,702271237,726765234,808821058
105280608,326590567,367115143,399472175,431898578,459789851,488323528,515895214,546419700,570676985,597836869,624249356,649205556,675419265,702317606,726908763,811411446
105471051,275510502,375667982,404964138,435996265,462567235,490773504,520164075,549392437,573572874,601760352,628226886,653956516,678265633,703436295,727896270,811346264
105483332,324018569,366229429,399127444,431891892,459733993,488237632,517698348,546654584,570992451,598235159,624627175,649512578,675836212,702515257,727518803,811339391
105875975,327859065,367207291,400136154,431991302,459553921,486712570,515154280,546024411,570620433,597463792,624467897,649348684,675292461,702412086,726983141,811307047
105896973,322733404,365573393,398257715,431561535,459430684,487953563,517564286,546731071,571089523,598562631,625057865,650495779,675861682,702763426,727706263,810944622
106131576,326076601,366840701,398685451,431794743,459526469,487230284,515188898,546050660,570782865,598044782,624762773,650217913,675647184,702537064,727588988,810930310
106178901,272069869,374463817,404879885,436516233,463153010,490796090,520298781,549593320,573614948,602202938,628349993,654056753,678784906,704787502,728561967,810616341
106324074,284814760,375560915,403613304,435427436,462270224,490609083,519679791,549243439,573320575,601065274,628089180,652169811,675837171,702243892,726580438,813046689
106598925,297222316,338272765,371921341,433046962,460537570,488892347,540524742,568036802,582787069,604661894,630780935,656063917,679873458,706314673,732367335,800657009
107761535,292149871,342990286,408047658,437078778,463950954,491688385,521126518,550287130,573891051,602615102,628997825,654875993,679570517,705651253,730640090,808486808
107782866,321895824,362977660,395203675,425136216,452954900,478899608,501090489,557258044,578677375,605511261,631280508,656374182,680312073,706449016,732772257,805251616
107922548,322773393,365857143,398429824,431643517,458370148,486569776,515099556,547494085,572431953,599026868,626752479,651316400,676425417,703312810,728318696,807956339
107925944,322696703,365344409,398219024,431530328,459380647,487904749,515524773,546437340,571098483,598568597,625209930,651251835,676611494,703469780,728740966,808354064
107930553,294957851,340373295,406109222,438052701,463614871,491552033,520884082,550266629,574417942,602614589,628682609,654141546,679491193,705420346,730443074,810474746
108045186,321610880,364318639,397770742,431288783,459133771,487841289,517442101,546733339,571199451,599301354,625526063,651776727,676860382,703619191,729116500,807848458
108046737,322759912,365297342,398056499,431381145,458256546,486604600,517830817,547614459,572598151,599949977,625305833,650650532,676502398,703514822,728784356,805330912
108049596,243985403,332645262,369671253,429615585,456799448,512739030,540107173,565170400,590394644,613770313,637477267,664286245,687662411,706735696,733244911,803781676
108110876,321547753,363981010,397402751,430828622,458755777,487274630,517014861,547026039,571519871,599499714,625552705,651914587,677165563,703935789,729877149,807746644
108147678,321552795,364172651,397417478,430842697,459008755,487451977,517238880,547237153,571998686,599518824,625723089,652009500,677185960,704044994,730005513,806314903
109190360,319231354,363520286,397327040,430792402,458837973,487828611,517531016,547311424,572105842,599864969,625826992,651943815,676983720,703516926,728762868,808646563
109200940,267826967,374458617,403931059,436326325,462722188,490827302,520461668,550262558,574029141,602669462,628991320,654585427,679540741,705825043,731495413,805110673
109222939,240078262,329014544,363463450,454832025,481089074,509271423,538144371,560484790,583117103,611030120,637095034,659630738,681002284,706500304,733194583,802683080
109513853,297249590,338812025,372327798,402068804,461115903,513447514,543074984,568224566,590656501,608303907,634533037,656696517,680611268,706496323,732932167,781149485
109691427,319445119,363534574,397248174,430607641,458447696,487401871,517122180,547120033,572001472,599653049,626618234,652042628,677235286,704472123,730426860,806129505
109774044,299868103,348002384,381470710,443081435,464681855,492628600,522189542,551163503,574672395,603093681,629342030,655208001,679765416,706297743,731841893,805581662
109782055,333189118,369800431,401167709,431927799,457110074,484140049,513067192,542180159,566461811,591419128,617839558,641106206,688838471,713953435,733795554,800628458
109971383,317197751,363429766,397059917,430548930,458664174,487773456,517278014,547310830,572210313,599954331,627072101,652742051,677535065,704503700,730469491,805939207
110009007,321628305,363960809,396632016,429659649,457491990,485598059,514997912,545820104,572487035,600183485,628016859,653596482,678380641,705264094,731353678,802525654
111448431,245877214,370064281,401223746,432406103,457401308,484239556,513093430,542231706,567850859,619564849,644546235,665200300,690167971,715015624,738693363,800496821
111622331,317424258,363322124,396521478,429728037,458184893,486855916,516340231,547424921,572362149,600289714,627757237,653695576,679287759,705760285,731981897,800811540
111707075,246542788,333430554,401419702,432598854,457875016,484407417,513403634,543021827,593570809,620182627,644749343,667925016,690185037,716244327,741468693,800377822
111798537,299918934,339108041,373219158,402109115,434374330,489332805,543217889,568249870,593013815,616635605,637995164,664717084,688357017,713523464,742590787,776553552
111915678,317388931,363331385,396572474,429788317,458216151,487078491,516777687,547092123,572014396,600175240,627528154,653408309,678903981,705642758,731531322,802633042
111945576,247796437,334441381,401886584,433211736,460501075,485961805,513733654,543196370,593938091,621059865,645860343,669697597,694849614,718332228,743296950,778980041
111960388,285415514,340233562,407402230,438583915,463718031,491710127,521715001,551118407,574791778,604098200,630300005,656393757,680758165,706687823,733752139,800381110
112007881,296725682,345643680,381328912,442538225,464713297,492695865,522414002,551818416,575546073,604133311,630336088,656676487,681246690,707717039,734070571,798452247
112021252,309998420,356131663,387711399,418066951,444863504,497516785,527777845,553096072,577253520,604589344,630450109,656501410,680936526,706701212,733338923,800573119
115353982,310287124,358451860,389627595,420107721,449230938,471447289,528330643,556778279,579372117,606052947,631906816,657727327,681756084,708663506,734717418,798028899
117413871,303204275,347858531,402527492,434530507,461483257,489374951,518816230,548190960,568402117,593762899,621024479,664748751,691709744,716468718,744042419,772947698
117820188,306111575,360738736,395897112,430266903,459365060,488268433,518147797,547965146,572586994,600627949,627745730,653368049,678759257,705226474,731009836,805296591
118147173,293055688,343015683,379364506,442583499,464716347,492961164,522940696,551975830,576257749,604726265,630900516,656875923,681249227,707970168,734466959,797500782
125633615,154387935,186264493,219672200,251515211,281344945,313592360,340908020,526055290,556370542,617106226,828622993,857090995,888013345,919644174,948108626,985463221
125669679,154395097,186374234,219703287,251598680,281547613,313638367,340930430,433612913,617296704,646588207,828740665,857169032,888228537,919657016,948309127,985414403
125671444,154428241,186389812,219747604,251640251,281549766,313710413,341165897,433627139,617345139,646681856,828746931,857179607,888336936,919705341,948336744,985329551
125855391,154506504,186555648,220343271,251981503,281872313,314032027,341298853,433725678,526658856,733570481,828997816,857357702,888641589,920042695,948664215,984762568
127578182,155938460,188202253,222038982,253000472,282984848,315751101,435414322,495498201,528423874,558465882,830524597,859487091,890318515,921720370,950197312,983408811
127628373,156023734,188259339,222088055,253084705,283486450,315826813,343021799,495815391,558607964,619121908,830762099,859546284,890549016,921826069,950235000,983122345
127890059,156104950,188483268,222228885,253162621,283596359,315849868,343059266,435455328,589041002,648444268,830776936,859699019,890734209,922055766,950286106,982923562
127899176,156140766,188783755,222289655,253187844,283613140,315873291,343217018,435667984,558669509,676883540,830900043,859710796,890763639,922195888,950325021,982865256
127936699,156208155,188884754,222575807,253286327,283649943,315934748,343352258,435713945,529207680,706299868,831021896,859730747,890807102,922197012,950399907,982715419
128065543,156401625,189011810,222729734,253570836,283871930,316137876,343420057,403497825,529404945,735882870,831073888,859822946,890871621,922251335,950534169,982489155
129803344,158366796,190461465,223993816,256056605,285666090,317442849,344678022,437616978,560513316,651479485,832435503,861514405,892306642,923929262,952375988,980223242
129849089,158409963,190486251,224132407,256100690,285672235,317457644,344726933,437637887,560620880,651543695,832500743,861521180,892614919,923932513,952401611,980191794
129994292,158508528,190517835,224140471,256117845,285689264,317798580,344883401,437782846,531279219,679168679,832527399,861663176,892663859,924002383,952444271,980163724
129994541,158517616,190710061,224176059,256168670,285716714,317802974,344936582,374418724,622137686,651592731,832577701,861671542,892750271,924047010,952455663,980107365
130118272,158796537,190997436,224278246,256304028,286065031,317816420,345154912,404907360,531729576,708798331,832694458,861844999,892873622,924207954,952532895,979979175
130205074,158855049,191029189,224504857,256329121,286259800,317887905,345179743,374462299,531818966,738301522,832742861,861874467,892898544,924339415,952552363,979747043
130285081,158966237,191051120,224740893,256329662,286380367,318036863,345273694,405011204,438257869,800841125,833026229,861883627,892926203,924439163,952568048,979700296
130296795,159168407,191105722,224817310,256478564,286412488,318381700,345423897,374514881,466743879,800898225,833106918,861914277,892948686,924476044,952623479,979676759
131683844,160482121,192346086,226141873,257681633,288767721,319972136,376426126,406675818,533864340,653636667,835111443,863653620,894207316,925999038,954439621,977886190
131705839,160718721,192361045,226224401,257966307,288958136,320030536,346940520,440682848,500717006,681111311,835186793,863665041,894279923,926293432,954462436,977875418
131718766,160768744,192717916,226325695,257987203,289039025,320050752,347104810,376436692,534195369,711332135,835246980,863751818,894431769,926308089,954523778,977754594
131753926,161222949,192791984,226339849,258091768,289065955,320072662,347158300,376446708,440717249,803544128,835285382,863778160,894590720,926434932,954848011,977695293
132028296,161400322,192982030,226341465,258101832,289168233,320156034,347191238,407077568,500988899,711507830,835415667,863852846,894635456,926458248,954899088,977499197
132173232,161589804,193075059,226660077,258212594,289442432,320770043,347269291,407290149,468922934,740856656,835442893,863972729,894797429,926767899,955059117,977378858
133742479,163363392,194734751,228136121,259658841,291143094,321654883,348546508,378485032,564513007,656364216,836872568,865401721,896435818,927770011,957078685,975288627
133814614,163448109,194777709,228237358,259843624,291204317,321718865,348630711,378541330,535915919,683726371,836989876,865459641,896460180,927809125,957139521,975266994
134049653,163565038,194779609,228267222,259908200,291240444,321731756,348768770,442460881,471033571,683754564,837263561,865551742,896629262,927892584,957192931,975254378
134114979,163601771,194807574,228285174,260026309,291251465,321732099,348936755,409610928,503176099,683833662,837282835,865631341,896669031,927921412,957246104,975088399
134140912,163916834,194985534,228382297,260116712,291341243,321779869,349083276,378678433,409830342,806124600,837368582,865970684,896680857,928029811,957353956,975085395
134255176,164101017,195038274,228512779,260253085,291389571,321784278,378706893,409869754,471383410,683849314,837387256,865983462,896684374,928123615,957597332,975052456
134456370,164144704,195111977,228554316,260270369,291411219,321848602,349296084,378857369,471387684,742755573,837424753,865994312,896739259,928181786,957630520,974979750
135735068,166054162,197428121,230202381,262155322,293243819,351035874,380391623,411758330,505540498,597953548,838836337,867601465,898866330,929647506,959773194,973424352
135874382,166080775,197669205,230257462,262194419,293257313,323050802,351109558,411804065,444199147,715290962,838846522,867614195,898931342,929816264,959777465,973335121
135927717,166110384,197729195,230264058,262237692,293296267,323169259,351158047,411871831,472582791,685733279,839023347,867663392,899155907,929851816,959891434,973316819
135952066,166368628,197760748,230308443,262256799,293558726,323193026,351209552,380731248,411905595,776292869,839050190,867794734,899222214,929940796,960242975,973135549
136050393,243830912,370082252,402288383,435176763,462403708,490939602,520587779,550827826,574562172,604086241,630237420,656417623,681093813,707575558,734397756,797944003
137616143,168171168,199508154,233592665,263644990,295043390,324244327,382846364,413360797,445444699,660208527,840888100,869656492,901210096,931079099,961715893,970873522
137620803,168226111,199647294,233661255,263684721,295172489,324622332,353349816,413465713,445454665,688072015,840966344,869807308,901247698,931181824,961746502,970820597
137633878,168323568,199647672,233791262,263885892,295362339,324634528,353434866,382912355,445565395,717231336,840979488,869869766,901280971,931603304,961778373,970788435
138049950,168447474,200067205,233923541,263901658,324637494,353546131,382933370,413747190,474813580,568591050,840994443,869900098,901488175,931651772,961806937,970722614
138061797,168454891,200089120,234092196,263950442,295584508,324764148,353570629,383397263,474818299,747270790,778520108,869903420,901948274,931692464,961903583,970682406
138081643,306412808,360427892,394844513,428937488,457299571,486105664,515494861,546486570,571077532,598822498,625332097,651565268,676849707,703546991,729436147,807766778
139859486,170824504,201833084,235200639,265192162,297483197,326366025,354906576,384910861,476916398,661974363,842846677,872111499,903819660,932697165,963924273,968635283
139904923,170871173,201988455,235207454,265276192,326393091,354911575,384970654,415512610,476991222,542121676,842883511,872381648,903997419,932827833,963937980,968507649
139933820,170941940,202194562,235231919,265333545,297582304,326521502,354912696,385026896,447279129,689540466,842935717,872481605,904067942,932854523,964068023,968504442
139945955,170986894,202211570,235278728,265361927,297790594,326536294,355199575,385083047,415588944,719090643,842951384,872586735,904338176,933050131,964306613,968485644
140215760,171097186,202298934,235301746,265572808,297880475,326556946,355339086,385126374,447495606,749270293,780145968,872702605,904512357,933057993,964364587,968308460
140338890,171133694,202324219,235360608,265579005,297991023,355388903,385134692,415885695,447500977,689834054,749303792,872845886,904577226,933631311,964507291,968137473
140355088,303191742,359736108,394150455,428268186,457147992,486513062,516270021,546925785,571777094,599545771,625859935,652461816,678065377,704916136,730992093,803554174
142499326,173189511,204461726,237543802,267241813,300176298,328266331,357225527,386581189,417589017,691548623,844746799,874913664,905915569,935394146,965866305,966113643
142558735,173193885,204486483,237723633,267249740,328377083,357422952,386589893,417597705,449054529,604837179,782031885,874925959,906022072,935713017,965973780,966108146
142659476,173323060,204764343,237754603,267305604,300370053,328472722,357493551,386723509,449079095,720860753,782033884,874972008,906026958,935724248,966013709,966020086
142746791,301571032,359228852,393881819,427903483,457142587,486360381,515941611,546803459,571766411,599538142,626262461,652655397,678244943,705064848,731096743,803150198
144511456,299706135,357954794,393553849,427748270,457260409,486544436,516287182,546988015,571781195,599599662,626425732,653035106,678331382,705189469,731335401,802813743
145806314,242296708,370168634,402112001,434692088,461879456,490530329,519882046,549816027,574023101,602922297,629690933,655942638,680455603,706600483,734008787,797881421
145824053,294955781,344460990,379828068,409392616,464899928,493260581,523218903,552547540,576775388,604870072,631114776,657063891,681494066,708229032,734554964,796004231
148348737,306536593,360458147,394404734,427405585,456519027,484846050,514806526,545505937,570460218,598043151,624714678,650494117,676298833,703238487,728442258,808686996
148611616,302583844,359495219,393786638,427162705,456203335,484885243,515086030,546158095,571009140,599080870,625750074,652144539,677800625,705119301,731400818,802623335
150023028,305446992,360140012,394035763,427197156,456010684,484268591,514783624,545612451,570673448,598315526,625187112,651211496,676772031,703528203,729830532,806210622
150149944,310249886,357768516,389442491,418879714,448323788,470425535,497842399,556902266,579573735,606277283,632713370,657929993,682158334,709012392,735020083,795593112
150436572,299939512,357856556,393139084,427088324,456627725,485769007,515257923,546686315,571392099,599531854,626300618,653111470,678533077,705565591,731635298,800761797
151997446,306543203,360187822,394092490,427358010,456118182,484266138,514627081,545224289,570287396,597684868,624494356,649945301,675890630,702927555,727992049,808889029
154017330,238224303,368526337,401118992,433775948,461314735,490471128,519728220,549605411,573974176,602950302,629966183,656168669,680923816,706848577,734431587,795890946
154458445,305208198,360009415,393422625,426402200,455168236,483564198,514242278,544712579,570191188,598029106,625009026,651118399,676845808,703890130,730412412,805577106
154504712,237446021,367842125,401036031,433716844,461143204,490287402,519809504,549931720,574011157,603118116,630009918,656299481,680965086,707539577,734427660,797632081
154550370,306554719,360069096,393529571,426721187,455499983,483902521,514343890,544789311,570063778,597541021,624554997,650339985,676380262,703323698,728650640,808233536
154622820,297243971,348108308,381865695,410643075,443283850,494240317,523447676,552967464,576578212,605103215,631334657,657840594,681896739,708766697,735230131,795740863
156343788,306930436,360238815,393487071,426652369,455424095,483643539,514087447,544583182,569956148,597435636,624278130,649626907,676174204,703229985,728443361,808460716
156489998,249641868,336080004,403704887,436497082,463533008,491732664,521807356,551420765,575257926,604546697,630616222,656988634,681605293,708562074,735137998,795756045
156501481,306895025,359168379,392305439,424519381,453956619,482123741,512142850,541832651,567591687,594003003,621277349,646566076,672521772,699706149,724083325,843103970
158743952,290888645,355666861,392610715,426772758,456747538,485851719,515849529,546803481,571792703,599909759,627435903,653450216,679451161,706182253,733176726,798017767
159196376,307689530,360577749,393529322,426520531,454914639,483365213,513461639,544222572,569444158,596977459,624103018,649161293,675727906,702637898,727796188,808887235
161537284,301451663,357861104,392239751,425046275,454735111,483304388,513820982,545180853,570674949,598755424,625818604,653144773,679032377,705906615,732996693,797903475
166828545,311655996,359828322,390228213,416855768,446672510,468961733,498717818,528121817,582721025,607373233,633811379,660379614,684800802,709201231,735790807,795576789
166868216,307518320,360050408,393137509,425345408,454753056,483044881,512989962,543278463,568759766,596106675,623579565,648332011,674839392,702294833,727169161,810910134
168722682,312257515,360771895,390317804,418103353,450040510,471555927,499031849,528446428,582785563,607741422,634367214,660707044,685494050,709824805,736204652,781787077
171156292,248133556,334960470,403588019,436288776,463312508,491740997,521877102,551420872,575454200,604594859,630843104,657318651,681751826,708700710,735287668,782023043
173768637,312759066,361338562,392043773,422379909,450710154,476400492,502041829,530531754,558656524,608271679,634250971,660063571,685199293,711610898,736732634,781424624
175035346,309696863,358605142,392051263,425047714,454239817,482774724,512355990,541966977,568215776,595197887,623082127,648046510,674188762,701851969,726697591,810895821
175129939,304295055,357783886,391292677,422745658,452771826,480843303,509784318,540104554,566107852,592980087,620129113,646161917,671615789,699467726,723853326,844759748
175146162,309050122,360520701,392832193,425031281,454286339,482402810,512342784,542078607,567995074,594933577,622462035,647315076,673413580,700881246,725292959,813597662
175273003,308298902,359714443,392349870,424579539,454237004,482194825,512272686,542122937,568116060,595258427,622970780,647953374,674030538,701649106,726182136,812481449
177319482,311065485,360993264,393796160,425138961,454072373,481103189,510199317,541516751,567566658,593972199,622022245,646927628,673035803,700768215,725094477,813193333
177468458,308526257,359415758,392258807,424507843,453751728,481956149,511986113,541888514,567954976,595119993,622827330,647713610,673947643,701485950,726087005,812659158
179417010,307725515,359021303,392176018,424157639,453462039,481821477,511908481,541887397,567938906,594901493,622745685,647700680,673920658,701396745,726070743,812662664
179542379,244749522,333334849,403233678,435747557,462897245,491241787,521483956,551158437,575015458,604478054,630736146,657105792,681765314,708927658,735938766,781327298
179608223,258510660,338268379,374776915,438041658,463798250,492566962,522267534,551824469,575784757,604802141,631213541,657796095,682121757,709119244,736000494,781264725
180355354,246691664,334212921,403394264,435805713,462671802,491005403,520804220,550990872,574834984,604275269,630533685,656961307,681525634,708403592,735401376,781188178
180971128,316594730,362178764,395128128,424132111,452938851,478666807,506416870,533033646,558965189,582904931,610734055,660849309,685608108,711937960,738470140,797896980
181460653,310072801,360686363,392766061,424876981,453331739,481388925,510412677,541687152,567428264,593960570,621238999,646737578,672801031,699883922,724478068,815038322
183575342,281241823,352452942,391810020,426232737,456273542,485745234,515731215,546974174,572047302,600430115,628152207,654658113,680318904,706972547,734978882,781043763
183624199,252698373,336829075,374720164,437125696,463981120,492741656,522797051,552214472,576342463,605185572,631910132,658095466,683293749,709504032,736319185,780942923
183903332,301797027,353063193,383882892,414398721,443860372,468726958,497382195,554347620,580094664,606479405,633544739,659948767,685252440,711761258,738455784,780832086
185117718,300216602,353955513,385581437,416149544,445716540,469385080,497610315,554297779,578368301,606379739,633229586,659479212,684250800,710787670,737391646,780799211
186231992,295015717,346090391,381695776,411223192,443691114,468296640,524366941,553584946,577825489,606307713,633094963,659341354,684218347,710665713,737164080,780766956
186736014,274426553,339294988,377222572,407682717,464654529,492806798,522814778,552084132,576475565,605124175,631968084,658156624,683174130,709409417,736286637,780709380
189171988,267698901,338678866,376617310,407046003,464641404,492960874,523070389,552700732,576705452,605648217,632637963,658719461,683994590,710268232,736958085,780600472
189318632,271397424,338863513,377013183,406754153,464464164,492939544,522864114,552392981,576527860,605340834,632209238,658172024,683181391,709511061,736333121,780588634
189375865,277758889,351791457,390521640,425061851,455968299,485044309,515379629,546860639,572035029,600509279,628192552,655038167,680784493,708023940,735664161,780513644
191126946,249666721,336290390,374089834,436974699,463792164,492570281,522348789,551942068,575822751,604934834,631479833,658042700,683558379,709666374,736705257,780493567
191218877,270099136,338758839,376429231,406203282,464604641,492952862,522885658,552463312,576542977,605343841,632484516,658411756,683694776,709743139,736602145,780328724
191291531,297571352,350103879,383812600,414430691,444133837,469002860,497766078,556510707,578850890,606581654,633550903,659821856,685061618,711568695,737854355,780238885
193305838,285210815,340185770,378561669,408953829,440167585,492791749,523448630,553070309,577283579,605922445,632579740,657951530,682923917,709275825,736223468,780112017
195563537,274108067,339311381,377395939,408797417,442620948,493625748,523752149,553216985,577364847,606297075,633135207,659490052,684618913,711314664,737769609,780003278
195716451,281315741,340060413,377834351,408420705,440281717,492969625,523192648,552689447,576745520,605532757,632671659,659129797,683956585,710590849,737515000,779964792
195772337,299711308,351809637,382142172,413771946,443741729,468246333,497213962,554293663,579202681,606472622,633576585,659766320,684605328,710848621,737574584,779962959
197815032,288581117,340654267,380873293,410207818,443321269,468244115,524195990,553430379,577937021,606346174,633341599,659756718,684905434,711588362,738182303,779668263
198120692,276032887,339806680,377395850,408183964,441971483,493409318,523256174,553014185,576801778,606013031,633004844,659211708,684004680,711233301,737647106,779640739
200345313,251191339,336452589,374061548,436101209,463282815,491222868,521553197,551047099,575412021,603629548,630450570,657717265,682290551,709168032,736100617,779624607
200562874,304278419,356854777,388867138,418442394,449304664,472930656,499479433,529884743,558018085,609046655,634649392,660984093,685856697,712309755,738738753,779617897
200818951,300843746,354218401,385782997,417124707,445754162,469128978,498069361,528366447,582680222,607380832,634006969,659979765,685175368,711590393,738440559,779412114
202497238,290035563,341879748,379252320,409335851,442650737,467689925,523955849,553243073,578111802,606159462,633016937,659202452,684004073,711441564,737907749,779355560
202512372,301981848,354724416,387863008,418312614,448696727,471578437,499625308,530085635,558156997,610615526,635640098,661757363,686616872,712793067,739421108,779140045
204989593,304245750,356624977,388242743,418417684,448285244,471051590,498394990,529499940,557679482,608479356,634966339,661072292,685678986,712342123,739022642,779121242
205108879,248765861,335923967,372096649,433396806,460539056,489029308,514889302,543295607,568561107,594270265,621454070,670800427,697014946,719710015,746465752,776247335
206284203,315491235,361758038,394406893,421407725,451031950,477501313,504333223,530629053,559092506,583044053,610833911,663252465,688239521,713464559,739029072,778834086
207037582,250034969,336290205,372270729,402260384,433970984,460592127,518163297,544279937,594308336,621734885,646409044,670874299,697370704,720980601,747729440,774525917
207520448,302581574,355650894,387603836,417932462,446323258,470247127,498357976,529736597,558043707,609554702,635754813,661678992,685869362,712731714,739974396,778407637
207725134,309805814,357764958,389357042,419912256,449759926,474695020,500679837,530410437,558691095,582909792,636958915,661964544,686311935,712804184,740046125,778327913
207884274,310527439,360649731,391344748,421729117,450742290,478198613,504676854,532448022,559329720,584276394,611372914,663489408,688576025,713874936,741027593,777890860
208963192,301947803,354434628,387246445,417879284,445937658,469770389,498346121,528909776,557936241,610194809,636230253,662369763,686735310,713040375,740148699,777794529
209166175,289944664,339374057,378632874,409310753,439183513,467936698,523925121,553049663,576178955,604929536,633505659,658451967,683836964,711940200,740338891,777690429
209735341,252726751,336317698,402323575,434085671,460745255,489278219,518270962,544492354,569172605,594471473,622332623,646510780,671107387,721759113,747981273,774284294
210238553,311494119,360895384,391444948,422243471,450683409,477179602,502693298,531139802,559265201,584086937,611446343,663576297,688756671,714190786,741261173,777463130
210584249,312295452,361092381,393038890,422895774,452559899,480019535,507095768,536080136,561821421,586820374,612048517,637727738,689212401,715546858,741643206,777397834
210591480,312397849,361113641,393482156,422957796,452622582,480102623,507175098,536129690,562551656,586847528,612179982,637734311,689217929,715718045,742095796,776945491
212556204,307003763,357685061,389223711,419463589,449515090,471891612,500466889,530414501,558756950,583102582,637243185,663156903,687907110,713787977,740938901,776755772
213372317,321849193,363099446,395755797,426733654,454478213,480913093,507693661,536966719,560660755,583177783,611168090,637205647,662724977,708332115,734157582,800312279
213928501,300741545,354148806,385872877,417758999,445820526,469453404,498161679,528803801,557570929,610647655,635201377,662524751,687739609,713868050,741139720,776516020
214570653,312568762,361403647,393976876,423676010,451968169,478611540,506223659,533745571,560684469,586110715,612768744,637753336,689335565,716157739,742918378,776460554
214675956,319669992,362766235,395312969,427384489,454558853,480997710,508927170,537335301,564299098,584773511,611535519,637564365,664172175,714464389,740803720,778804189
214911643,313251480,361749869,394255750,422749322,452395390,478449426,505554966,533723036,563851223,583422876,611358539,637615422,689836437,716249883,743275665,776131565
215905429,310247301,358415589,389619973,420451597,450460029,475299663,502005594,531067976,560302596,584363016,611840980,664332466,689155997,715875394,743275005,775599139
216088578,313286405,362016456,394842471,425621850,452960827,480200348,507671654,537126849,564292902,589287937,615324594,639171257,664846802,716584967,743959185,775254841
216657144,321600984,363387151,396115256,428876441,455482513,482232947,510075556,539345403,565256060,590547822,615429447,638916729,664826381,690257840,743987847,775047284
217782135,315674328,362389540,395284306,426838948,454684987,482153305,510066528,539593988,565480344,592011265,616889490,641316955,666866830,692445197,744362350,774934398
217801371,252928303,337088669,373091020,402429675,434085932,460793572,518655303,547526436,569599245,622370854,646800282,671990330,698299720,722241872,748407368,773255071
218000984,312499018,357662048,388172192,420794331,450572211,477599763,505280982,535387745,563980775,586891359,615457905,639712385,690714448,716669285,745977754,773767180
218227879,315622074,362156104,395063151,425760588,453007874,480157107,507349568,537030961,564718873,586944607,613839683,638307127,664923484,716699402,744175630,773813546
219182471,323978483,364598628,396166645,428193092,455522345,482911357,509910421,539169040,564929437,588964804,614001930,637670801,664401845,688888709,741478957,777758360
219573760,319420456,362914150,395548901,427609352,454727541,481239908,510056582,539552656,565507914,590991256,615786538,640567178,665068882,691011950,744610101,773735340
221016397,322559085,363702951,396215285,429046483,455985949,483018086,512473534,541770543,566679591,592574611,618489019,643838022,667553210,693140255,717816858,773415015
233117988,319713287,363152184,395954414,428581854,455194419,482904053,511816612,540553286,566547785,592177507,617850550,642196962,665562261,692459207,718074747,773022134
235113750,305019070,354230166,377270272,403461674,435375551,462498767,520523978,550166087,573467003,601488222,629541629,655837581,679866022,706398769,733545363,772469644
237835979,327287496,365797919,397152274,429370460,456819987,483425767,512872919,541796700,567562346,592699800,618536945,644042735,667573874,693907278,717627742,745348686
238094550,323878134,365221145,396291132,428953013,456288362,483041351,512519582,540677806,566949409,592758634,619416457,644890802,669089156,694984046,719421030,747245083
239326613,315595197,351859478,374424924,434680386,461646321,489466764,519085534,548485373,568658677,594115616,621219694,646232547,668697627,696512863,718837116,748972786
239639457,329070927,367132744,398088450,429322452,456890645,483834111,512899935,542153510,566581449,592058191,619112729,641179593,665487883,691202799,717200603,745780797
239898389,319488189,362479181,395303599,427053715,454877838,482981839,512217511,541791147,567660627,593482017,620861227,645768361,670277954,696828151,719832778,748257565
240368254,329615759,365288912,396277115,428884175,455871005,481702082,509528597,538359169,563989649,584384018,611957968,637362409,663571884,681604476,706584826,802675497
241376256,329705809,367298579,395824457,421138358,443749510,468336234,497111100,522668257,551379376,574496327,602889359,654893782,679511725,704489562,727737224,813846727
241611838,317122616,360971164,377021840,403303725,461755230,489611015,519142898,548533236,569752058,595474948,623079487,646352857,670292009,697802394,722308668,750590570
241792220,317184169,361422907,381443448,403413533,434945570,461953551,489627141,548552404,572225538,595752100,623189556,646895147,672341000,722324621,750597175,769918649
241807288,319761047,362122710,381587440,403764606,435252250,462031026,489775247,519206805,548684269,572622049,647004902,672458199,699361881,722896692,750840221,769737518
242114211,322608092,362393888,382902547,405273251,435723568,490056384,519223525,548870207,572623584,596660474,623826443,647757119,672525615,699548651,723169325,750945861
243607618,330184697,363434998,387702706,409977102,436776008,464126909,490078768,519389330,549067091,572688459,597092927,672908342,699678715,723909342,762724739,768286655
331823325,333562021,369298812,392631579,400301174,410258364,433390259,443882802,461128718,475585172,598555913,673317085,698519953,701122182,724998997,768215993,771619734
331942510,334624714,369486481,394786822,401086042,414032399,434757959,451304526,462111084,480472204,522227663,673976772,699722541,724037364,763778973,769696113,770184682
401426024,403106001,443532104,443685095,456530431,460318951,468048379,468760595,493569820,551895914,600510955,623634145,623908218,627642002,628035586,648124198,648241475
483981753,489128170,490565239,490728847,492310903,512983061,514572395,519200102,519624306,519690631,527777269,549151893,549279218,572758032,572782632,572810983,596341149
